9
Apis_mellifera        0.0000000 0.3589535 0.3320376 0.2966449 0.2966449 0.2966449 0.2930671 0.2895981 0.2892769 
Osmia_lignaria        0.3589535 0.0000000 0.1238737 0.1281994 0.1281994 0.1258772 0.1292626 0.1256319 0.1281525 
Habropoda_laboriosa   0.3320376 0.1238737 0.0000000 0.1112336 0.1112336 0.1089388 0.1087412 0.1035568 0.1034366 
Bombus_bifarius       0.2966449 0.1281994 0.1112336 0.0000000 0.0000010 0.0000010 0.0106187 0.0063434 0.0084672 
Bombus_vancouverensis 0.2966449 0.1281994 0.1112336 0.0000010 0.0000000 0.0000010 0.0106187 0.0063434 0.0084672 
Bombus_impatiens      0.2966449 0.1258772 0.1089388 0.0000010 0.0000010 0.0000000 0.0106488 0.0063613 0.0084911 
Bombus_pyrosoma       0.2930671 0.1292626 0.1087412 0.0106187 0.0106187 0.0106488 0.0000000 0.0042234 0.0063421 
Bombus_affinis        0.2895981 0.1256319 0.1035568 0.0063434 0.0063434 0.0063613 0.0042234 0.0000000 0.0021048 
Bombus_terrestris     0.2892769 0.1281525 0.1034366 0.0084672 0.0084672 0.0084911 0.0063421 0.0021048 0.0000000 
